CHR	BP	rsID	MAF	EA	NEA	BETA	SE	P	Zscore	PAINTOR	CAVIARBF	FINEMAP	block_id	label	cred_set	gene	annotation
19	45384116	rs406315	0.3955999999999999	G	A	0.2688	0.0177	5.481e-52	-15.1864406779661	0.0	0.0	1.0	1609	4	13	NECTIN2	intron_variant
11	121451813	rs1790211	0.0159	T	G	-0.3168	0.0606	1.75e-07	5.227722772277228	8.31884e-06	0.0	1.0	1169	4	9	SORL1	intron_variant
7	143095256	rs35251323	0.3171	G	A	0.0884	0.0184	1.622e-06	4.804347826086957	9.79085e-12	0.0	1.0	832	4	5	EPHA1	intron_variant
6	32565662	rs9270640	0.2922	A	G	-0.0903	0.0222	4.672e-05	-4.067567567567568	3.90552e-145	0.0	1.0	657	4	3	nan	nan
2	127887750	rs62158731	0.2575	T	C	-0.1189	0.0202	4.176e-09	-5.8861386138613865	4.11983e-10	2.347334e-137	1.0	207	4	2	LOC105373605	intron_variant
11	84434573	rs553071	0.2972	T	C	-0.0409	0.0169	0.01554	2.4201183431952664	8.42988e-93	0.0	1.0	1142	4	8	DLG2	intron_variant
14	92930445	rs61977311	0.2366	A	G	0.0787	0.0181	1.326e-05	4.348066298342541	1.27928e-09	0.0	1.0	1369	4	10	SLC24A4	intron_variant
19	45365604	rs12980613	0.4095	G	A	0.1976	0.0178	1.477e-28	11.101123595505618	0.0	1.0	1.0	1609	6	13	NECTIN2	intron_variant
2	127883899	rs7559175	0.2763	G	A	-0.1138	0.0189	1.613e-09	6.021164021164021	3.50452e-10	2.011547e-137	0.999936	207	4	2	LOC105373605	intron_variant
6	47421188	rs7774615	0.492	A	G	-0.0747	0.0158	2.161e-06	4.727848101265822	2.63661e-31	0.0	0.9999	667	4	4	nan	nan
6	47396116	rs2184396	0.494	G	T	-0.0724	0.0157	4.06e-06	-4.611464968152867	9.6637e-32	0.0	0.9999	667	4	4	nan	nan
6	32565745	rs9270644	0.2714	G	A	0.1081	0.0215	5.086e-07	-5.027906976744187	1.3809e-121	0.0	0.999115	657	4	3	nan	nan
11	60002935	rs718376	0.3936	A	G	-0.1057	0.0162	7.442e-11	-6.524691358024692	3.84466e-19	0.0	0.996051	1129	4	7	MS4A4E	intron_variant
11	60039917	rs2162254	0.4015999999999999	T	A	-0.1094	0.016	7.833e-12	6.8375	2.44076e-18	0.0	0.996051	1129	4	7	nan	nan
7	143083839	rs6464548	0.3072	T	C	0.0942	0.0196	1.625e-06	-4.806122448979592	1.02041e-11	0.0	0.987767	832	4	5	ZYX	intron_variant
8	27463618	rs9331908	0.3509	T	C	0.112	0.018	4.697e-10	6.222222222222223	8.048759999999999e-21	0.0	0.95126	869	4	6	CLU	intron_variant
18	27991433	rs3098921	0.2932	G	A	0.0338	0.0175	0.05352	1.931428571428571	1.9936899999999997e-51	0.0	0.93454	1547	4	11	nan	nan
11	121423640	rs7946599	0.0149	A	G	-0.3504	0.0671	1.769e-07	-5.222056631892697	8.138e-06	0.0	0.932088	1169	4	9	SORL1	intron_variant
18	28007034	rs8086175	0.3289999999999999	T	C	0.0462	0.0171	0.00681	-2.701754385964912	8.558689999999999e-51	0.0	0.877307	1547	4	11	nan	nan
11	84408284	rs11234133	0.3082	G	T	-0.0449	0.0167	0.007341	-2.688622754491018	2.12972e-92	0.0	0.732401	1142	4	8	DLG2	intron_variant
1	207698044	rs6661489	0.1858999999999999	T	C	0.1546	0.0199	7.613e-15	-7.768844221105526	5.48717e-39	0.0	0.637916	107	4	1	CR1	intron_variant
19	1050874	rs12151021	0.3379999999999999	A	G	0.1131	0.0222	3.392e-07	-5.094594594594595	0.603013	0.0	0.548401	1580	5	12	ABCA7	intron_variant
19	1043638	rs3752231	0.2654	T	C	0.1188	0.0248	1.716e-06	4.790322580645162	0.0483399	0.0	0.445621	1580	5	12	ABCA7	intron_variant
8	27465312	rs11787077	0.3897	T	C	-0.1411	0.0167	2.765e-17	8.449101796407186	1.49742e-16	0.0	0.436885	869	4	6	CLU	intron_variant
19	1063443	rs4147929	0.1848999999999999	A	G	0.1348	0.0224	1.701e-09	-6.017857142857143	0.138802	0.0	0.299753	1580	5	12	ABCA7	intron_variant
11	84408706	rs10898285	0.3082	C	T	-0.0447	0.0168	0.007798	-2.6607142857142856	1.94527e-92	0.0	0.267578	1142	4	8	DLG2	intron_variant
19	1048393	rs67027268	0.1043999999999999	A	G	0.2074	0.0354	4.702e-09	5.858757062146893	0.0044771	0.0	0.244528	1580	4	12	ABCA7	intron_variant
14	92931983	rs3993878	0.2296	G	A	0.0781	0.0179	1.296e-05	-4.363128491620112	1.32202e-09	0.0	0.225624	1369	4	10	SLC24A4	intron_variant
8	27462481	rs7982	0.3857	A	G	-0.14	0.0165	2.477e-17	8.484848484848484	1.47948e-16	0.0	0.221257	869	4	6	CLU	coding_sequence_variant
1	207374139	rs4844577	0.2047999999999999	G	A	0.0783	0.0193	5.131e-05	4.056994818652849	1.10591e-42	0.0	0.189091	107	4	1	nan	nan
14	92932018	rs10129711	0.2296	A	G	0.078	0.0179	1.342e-05	-4.357541899441341	1.29308e-09	0.0	0.171039	1369	4	10	SLC24A4	intron_variant
14	92931737	rs941648	0.2296	G	A	0.078	0.0179	1.3e-05	-4.357541899441341	1.29308e-09	0.0	0.171039	1369	4	10	SLC24A4	intron_variant
8	27464929	rs4236673	0.3877	A	G	-0.1409	0.0167	2.818e-17	8.437125748502995	1.28601e-16	0.0	0.166241	869	4	6	CLU	intron_variant
19	1056492	rs3752246	0.1898999999999999	G	C	0.1345	0.0229	4.264e-09	-5.873362445414847	0.0567024	0.0	0.151846	1580	5	12	ABCA7	coding_sequence_variant
1	207384068	rs7532422	0.2057999999999999	C	T	0.0774	0.0194	6.342e-05	3.989690721649484	1.05604e-42	0.0	0.137502	107	4	1	nan	nan
14	92932051	rs10129728	0.2296	A	G	0.0779	0.0179	1.326e-05	-4.351955307262569	1.26482e-09	0.0	0.129684	1369	4	10	SLC24A4	intron_variant
18	28007258	rs1946997	0.3299999999999999	C	T	0.0455	0.0171	0.00765	-2.660818713450292	7.767e-51	0.0	0.121883	1547	4	11	nan	nan
1	207747296	rs1752684	0.1788999999999999	A	G	0.1541	0.0196	3.653e-15	-7.862244897959183	1.03417e-38	0.0	0.115834	107	4	1	CR1	intron_variant
8	27466157	rs1532276	0.3887	T	C	-0.141	0.0168	5.717e-17	8.392857142857142	8.51371e-17	0.0	0.108333	869	4	6	CLU	intron_variant
19	1042809	rs3764645	0.4463	G	A	-0.1004	0.0215	2.994e-06	-4.669767441860466	0.00112066	0.0	0.102607	1580	4	12	ABCA7	coding_sequence_variant
14	92932485	rs4904923	0.2296	G	C	0.0778	0.0179	1.357e-05	-4.346368715083798	1.23724e-09	0.0	0.0983471	1369	4	10	SLC24A4	intron_variant
14	92932479	rs4904922	0.2296	G	T	0.0778	0.0179	1.361e-05	-4.346368715083798	1.23724e-09	0.0	0.0983471	1369	4	10	SLC24A4	intron_variant
14	92932575	rs10130373	0.2296	C	A	0.0778	0.0179	1.358e-05	-4.346368715083798	1.23724e-09	0.0	0.0983471	1369	4	10	SLC24A4	intron_variant
1	207685786	rs4266886	0.1898999999999999	T	C	0.1542	0.0202	2.342e-14	-7.633663366336634	2.1151599999999997e-39	0.0	0.0894057	107	4	1	CR1	intron_variant
1	207401680	rs6683677	0.2047999999999999	C	G	0.0731	0.0187	9.55e-05	3.9090909090909087	9.88407e-43	0.0	0.0801545	107	4	1	nan	nan
1	207395031	rs6540875	0.2047999999999999	T	C	0.0744	0.0188	7.715e-05	3.957446808510638	1.0236e-42	0.0	0.0725293	107	4	1	nan	nan
1	207390204	rs6673080	0.2057999999999999	T	C	0.0754	0.0193	9.485e-05	3.906735751295337	9.95051e-43	0.0	0.0617475	107	4	1	nan	nan
1	207408969	rs61821051	0.2037999999999999	G	C	0.0732	0.0187	9.321e-05	3.914438502673797	9.854319999999999e-43	0.0	0.0608215	107	4	1	nan	nan
1	207408598	rs61821050	0.2037999999999999	A	C	0.0732	0.0187	9.303e-05	3.914438502673797	9.854319999999999e-43	0.0	0.0608215	107	4	1	nan	nan
1	207377891	rs4844579	0.2047999999999999	T	C	0.0764	0.0194	8.354e-05	3.938144329896907	1.00975e-42	0.0	0.0603359	107	4	1	nan	nan
19	1048051	rs78410552	0.1023999999999999	T	G	0.1859	0.0329	1.664e-08	5.650455927051672	0.0014546	0.0	0.0599015	1580	4	12	ABCA7	intron_variant
1	207394983	rs6540874	0.2057999999999999	C	T	0.0729	0.0187	9.526e-05	3.8983957219251337	9.895699999999999e-43	0.0	0.0570026	107	4	1	nan	nan
1	207738077	rs7515905	0.1818999999999999	T	C	0.1549	0.0197	3.93e-15	-7.862944162436549	1.06202e-38	0.0	0.0553891	107	4	1	CR1	intron_variant
1	207404344	rs57003024	0.2037999999999999	C	T	0.073	0.0187	9.69e-05	3.903743315508021	9.786799999999999e-43	0.0	0.0549261	107	4	1	nan	nan
1	207407702	rs12119823	0.2047999999999999	C	T	0.0743	0.0192	0.0001068	3.8697916666666674	9.642259999999999e-43	0.0	0.0549245	107	4	1	nan	nan
1	207372941	rs4844574	0.2047999999999999	C	G	0.0745	0.019	8.571e-05	3.9210526315789473	9.980159999999999e-43	0.0	0.0512853	107	4	1	nan	nan
8	27467821	rs2070926	0.3935999999999999	C	G	-0.1455	0.0172	2.656e-17	8.459302325581394	7.27325e-17	0.0	0.0491606	869	4	6	CLU	intron_variant
1	207750568	rs679515	0.172	T	C	0.155	0.0197	4.105e-15	-7.868020304568528	1.14539e-38	0.0	0.0430067	107	4	1	CR1	intron_variant
19	1047687	rs4147911	0.1043999999999999	G	C	0.1869	0.0328	1.25e-08	5.698170731707317	0.00188992	0.0	0.0429786	1580	4	12	ABCA7	intron_variant
19	1047078	rs4147910	0.1043999999999999	G	A	0.1863	0.0327	1.261e-08	5.697247706422018	0.00188076	0.0	0.0425553	1580	4	12	ABCA7	intron_variant
1	207382729	rs374881486	0.2047999999999999	A	G	0.0729	0.0189	0.0001159	3.8571428571428577	9.58312e-43	0.0	0.0280351	107	4	1	nan	nan
18	29088958	rs8093731	0.0119	T	C	-0.6136	0.1123	4.63e-08	-5.463935886019591	1.0	1.0	4.58946e-06	1547	3	11	DSG2	intron_variant
1	207903654	rs2796250	0.4394	C	T	0.0668	0.0157	1.983e-05	4.254777070063694	0.498016	0.0	9.68827e-09	107	1	1	nan	nan
1	207903688	rs2796251	0.4394	G	C	0.0668	0.0157	2.031e-05	4.254777070063694	0.498016	0.0	9.68827e-09	107	1	1	nan	nan
6	32580741	rs3997874	0.2653999999999999	A	G	0.1139	0.0199	9.484e-09	-5.723618090452261	8.08018e-77	1.0	4.51522e-09	657	2	3	nan	nan
19	1039323	rs111278892	0.1581	G	C	0.1867	0.0371	4.813e-07	5.032345013477089	0.074523	0.0	4.04365e-11	1580	1	12	CNN2	downstream_transcript_variant
19	1063079	rs1968456	0.2406	C	G	0.0931	0.0216	1.61e-05	-4.310185185185185	0.10238	0.0	3.35341e-11	1580	1	12	ABCA7	intron_variant
19	1028149	rs75364577	0.1581	A	G	0.1831	0.0377	1.192e-06	4.856763925729443	0.0391062	0.0	3.30453e-13	1580	1	12	CNN2	intron_variant
19	1024106	rs8111988	0.161	A	T	0.1804	0.0379	1.883e-06	4.759894459102902	0.0275987	0.0	5.17949e-14	1580	1	12	nan	nan
19	1045765	rs28659974	0.4662	C	T	0.1205	0.0269	7.408e-06	4.479553903345725	0.0241985	0.0	1.68226e-15	1580	1	12	ABCA7	intron_variant
1	208104696	rs115116587	0.0119	C	A	-0.2323	0.1028	0.02379	-2.259727626459144	2.67123e-31	1.0	1.52831e-15	107	2	1	nan	nan
19	1062164	rs4147920	0.0408	C	T	-0.2029	0.0434	2.884e-06	-4.675115207373271	0.786882	4.8636409999999996e-307	7.84161e-16	1580	1	12	ABCA7	intron_variant
1	207904472	rs374154683	0.4364	G	C	-0.014	0.077	0.8561	-0.1818181818181818	1.0	0.0	1.84969e-16	107	1	1	nan	nan
1	208109465	rs116694119	0.0119	A	G	0.0491	0.1004	0.6249	0.4890438247011952	2.56131e-31	1.0	3.70128e-17	107	2	1	nan	nan
18	29079200	rs73414289	0.0119	G	T	-0.1691	0.1236	0.1712	-1.3681229773462784	1.0	1.0	3.45809e-21	1547	3	11	DSG2	intron_variant
19	1903208	rs10417324	0.2167	G	A	0.025	0.0219	0.2538	1.1415525114155252	0.00276572	1.0	2.37047e-21	1580	2	12	nan	nan
19	1904612	rs754799	0.2167	G	T	-0.0146	0.0209	0.4859	-0.6985645933014355	0.00474935	1.0	1.74407e-21	1580	2	12	SCAMP4	upstream_transcript_variant
11	85494375	rs116468712	0.0287999999999999	C	T	0.1983	0.0494	6.023e-05	4.01417004048583	1.0	1.0	5.79533e-33	1142	3	8	SYTL2	genic_upstream_transcript_variant
11	85482094	rs76420725	0.0287999999999999	T	C	-0.0948	0.0549	0.08439	-1.726775956284153	1.0	1.0	8.57066e-36	1142	3	8	SYTL2	genic_upstream_transcript_variant
8	26705946	rs36073504	0.0218999999999999	A	G	0.3437	0.0954	0.000314	3.60272536687631	0.672622	1.0	5.86863e-38	869	3	6	ADRA1A	intron_variant
8	26707408	rs35105547	0.0218999999999999	C	T	0.342	0.0953	0.0003307	3.5886673662119626	0.327378	8.635411e-11	5.56644e-38	869	1	6	ADRA1A	intron_variant
8	26685273	rs35869218	0.0218999999999999	T	A	0.0186	0.0796	0.8147	0.2336683417085426	1.0	1.0	5.09062e-41	869	3	6	ADRA1A	intron_variant
14	91914643	rs10140477	0.1501	T	C	0.1125	0.0463	0.0152	2.429805615550756	0.99187	0.0	1.98328e-87	1369	1	10	nan	nan
14	91365828	rs114303120	0.0129	T	C	-0.2269	0.1199	0.05842	-1.8924103419516265	0.00410064	0.7474175	1.10616e-87	1369	2	10	RPS6KA5	intron_variant
14	91365004	rs10133990	0.0129	C	G	-0.2262	0.1196	0.05866	-1.8913043478260871	0.00395733	0.2525825	1.1037099999999999e-87	1369	2	10	RPS6KA5	intron_variant
14	91914979	rs4609768	0.1481	T	C	-0.0025	0.0235	0.9168	-0.1063829787234042	0.991867	0.0	1.5095099999999998e-88	1369	1	10	nan	nan
14	91352388	rs80260248	0.0129	C	T	0.0148	0.0639	0.817	0.2316118935837245	0.00805759	1.0	1.4775299999999998e-88	1369	2	10	RPS6KA5	intron_variant
7	144623586	rs59454346	0.3032	A	G	0.0408	0.0235	0.08245	1.7361702127659575	0.53031	0.9784222	9.48546e-102	832	3	5	nan	nan
7	144623591	rs56346401	0.3032	C	G	0.0409	0.0236	0.08308	1.7330508474576272	0.469483	0.02157781	9.43957e-102	832	1	5	nan	nan
7	144623673	rs55961508	0.3032	G	A	-0.059	0.0684	0.3887	-0.8625730994152045	0.999999	1.0	4.77283e-102	832	3	5	nan	nan
6	32569164	rs9270786	0.2653999999999999	T	C	-0.017	0.0249	0.4947	-0.6827309236947792	1.0008200000000001e-76	1.0	4.82318e-128	657	2	3	nan	nan
6	32421010	rs9268790	0.3817	G	A	-0.0583	0.0177	0.001006	-3.2937853107344632	1.0	0.0	1.9843099999999999e-134	657	1	3	nan	nan
6	32421329	rs567082101	0.3797	G	T	0.0943	0.0226	3.118e-05	4.172566371681416	1.0	7.622352e-231	4.19081e-135	657	1	3	nan	nan
6	47518939	rs9367285	0.3111	T	A	0.1755	0.0577	0.002359	3.04159445407279	0.963802	0.0	2.03632e-154	667	1	4	CD2AP	intron_variant
6	47578705	rs7757703	0.3072	A	G	-0.0251	0.0162	0.1227	-1.549382716049383	1.0	0.0	1.67405e-156	667	1	4	CD2AP	intron_variant
6	48331245	rs9473314	0.0885	T	C	-0.0534	0.0366	0.145	-1.459016393442623	2.2635499999999998e-20	1.0	7.053e-157	667	2	4	nan	nan
6	48331614	rs9473319	0.0885	C	T	0.0611	0.0571	0.2846	1.0700525394045537	2.2885899999999998e-20	1.0	4.29439e-157	667	2	4	nan	nan
11	121671976	rs1320712	0.1113	A	C	-0.0394	0.0264	0.1359	-1.4924242424242424	0.996831	1.0	2.71804e-169	1169	3	9	nan	nan
11	121672040	rs1448140	0.1113	A	G	0.0229	0.0338	0.4982	0.6775147928994083	0.99683	1.0	7.61952e-170	1169	3	9	nan	nan
2	127784950	rs9677441	0.4503	C	G	-0.0705	0.0232	0.002346	-3.038793103448276	0.99634	9.45492e-86	1.42066e-231	207	1	2	LOC105373604	intron_variant
2	127787275	rs7572041	0.4423	G	A	-0.0178	0.0155	0.2492	1.1483870967741936	0.582948	7.046882e-86	1.41299e-234	207	1	2	LOC105373604	intron_variant
2	127784031	rs56971880	0.4423	A	C	-0.0176	0.0155	0.2578	1.135483870967742	0.366735	2.40802e-86	1.36272e-234	207	1	2	LOC105373604	intron_variant
2	127431312	rs17741655	0.33	A	G	-0.0246	0.0236	0.2982	-1.0423728813559323	2.28346e-10	1.0	4.1168699999999995e-236	207	2	2	GYPC	intron_variant
2	127430985	rs28387137	0.33	A	G	0.0043	0.0177	0.8093	0.2429378531073446	1.88603e-10	1.0	3.1390299999999997e-236	207	2	2	GYPC	intron_variant
19	45361960	rs417193	0.4095	C	T	0.1103	0.0169	7.057e-11	6.526627218934912	0.0	1.0	1.06676e-266	1609	2	13	NECTIN2	intron_variant
11	59388596	rs112268927	0.0089	C	G	0.2462	0.0909	0.006764	2.7084708470847088	0.999915	1.0	2.19425e-310	1129	3	7	LOC101927226	intron_variant
11	59494180	rs2447309	0.0089	C	G	-0.0475	0.121	0.695	-0.3925619834710744	0.999915	1.0	4.47981e-312	1129	3	7	nan	nan
19	45395266	rs157580	0.3757	G	A	-0.3779	0.0177	1.21e-101	21.350282485875702	1.0	0.0	0.0	1609	1	13	TOMM40	intron_variant
19	45404431	rs741780	0.4483	C	T	-0.4104	0.0171	2.29e-127	-24.0	0.996771	0.0	0.0	1609	1	13	TOMM40	intron_variant
